0 U 0 0 0 0 0 0 0 0 0 0 0 0 0 0 0 0 1
D 0 U 0 0 0 0 0 0 0 0 0 L 0 0 0 R 0 1
0 D 0 U 0 0 0 0 0 0 0 0 0 0 0 0 0 0 1
0 0 D 0 R 0 0 0 0 0 0 L 0 0 0 0 0 0 1
0 0 0 L 0 U 0 0 0 0 0 0 0 0 0 0 0 0 1
0 0 0 0 D 0 R 0 0 0 0 0 0 0 0 0 0 0 1
0 0 0 0 0 L 0 R 0 0 0 0 0 0 0 0 0 0 1
0 0 0 0 0 0 L 0 D 0 0 0 0 0 0 0 0 0 1
0 0 0 0 0 0 0 U 0 R D 0 0 0 0 0 0 0 1
0 0 0 0 0 0 0 0 L 0 0 0 0 0 0 0 0 0 1
0 0 0 0 0 0 0 0 U 0 0 0 0 0 0 L 0 0 1 
0 0 0 R 0 0 0 0 0 0 0 0 0 0 0 0 0 0 1 
0 R 0 0 0 0 0 0 0 0 0 0 0 L 0 0 0 0 1 
0 0 0 0 0 0 0 0 0 0 0 0 R 0 U 0 0 0 1
0 0 0 0 0 0 0 0 0 0 0 0 0 D 0 0 0 0 1
0 0 0 0 0 0 0 0 0 0 R 0 0 0 0 0 0 D 1
0 L 0 0 0 0 0 0 0 0 0 0 0 0 0 0 0 R 1
0 0 0 0 0 0 0 0 0 0 0 0 0 0 0 U L 0 1