1 0 0 0 0 1 1 0 0 9 10
1 0 0 0 1 0 2 0 0 9 9
1 0 0 0 0 1 3 0 0 8 9 
1 1 0 0 0 0 4 0 0 7 9 
1 0 0 0 1 0 5 0 0 7 11
1 0 0 0 0 0 6 0 0 6 11
1 0 0 0 0 0 7 0 0 6 12
1 1 0 0 0 0 8 0 0 6 10
1 0 0 0 0 0 9 0 0 6 9
1 0 0 0 0 1 10 0 0 8 6
1 0 0 0 0 0 11 0 0 8 5
1 1 0 0 0 0 12 0 0 8 4
1 0 0 0 0 0 13 0 0 8 3
1 0 0 0 0 0 14 0 0 8 2
1 0 0 0 1 0 15 0 0 8 1
1 0 0 0 0 1 16 0 0 7 5
1 0 0 0 0 0 17 0 0 6 5 
1 0 0 0 1 0 18 0 0 6 4
1 0 0 0 0 1 19 0 0 6 6
1 0 0 0 0 0 20 0 0 5 12
1 1 0 0 0 0 21 0 0 4 12
1 0 0 0 0 0 22 0 0 4 13
1 0 0 0 0 0 23 1 0 4 14
1 0 0 0 0 0 24 0 0 4 11
1 1 0 0 0 0 25 0 0 3 11
1 0 0 0 0 1 26 0 0 2 11
1 0 0 0 0 0 27 0 0 2 10
1 0 0 0 1 0 28 0 0 1 10
1 1 0 0 0 0 29 0 0 4 10
1 0 0 0 0 0 30 0 0 4 9
1 0 0 0 0 0 31 0 0 4 8
1 0 0 0 0 1 32 0 0 4 7
1 0 0 0 0 0 33 0 0 4 6
1 1 0 0 0 0 34 0 0 4 5
1 0 0 0 0 1 35 0 0 5 5
1 0 0 0 0 0 36 0 0 3 5
1 1 0 0 0 0 37 0 0 5 8
1 0 0 0 0 0 38 0 0 6 8
1 0 0 0 0 1 39 0 0 3 8
1 0 0 0 0 0 40 0 0 3 4
1 1 0 0 0 0 41 0 1 3 3